0
0
0,00321199143468951
0,00374732334047109
0,00535331905781585
0,00749464668094218
0,00856531049250535
0,0101713062098501
0,0139186295503212
0,0176659528907923
0,0246252676659529
0,0326552462526767
0,0385438972162741
0,0444325481798715
0,0513918629550321
0,0551391862955032
0,0610278372591006
0,0685224839400428
0,0765524625267666
0,0872591006423983
0,0958244111349036
0,103854389721627
0,113490364025696
0,123126338329764
0,134903640256959
0,146680942184154
0,158458244111349
0,178800856531049
0,200214132762313
0,212526766595289
0,224839400428266
0,234475374732334
0,24678800856531
0,260706638115632
0,271413276231263
0,285331905781585
0,296038543897216
0,307815845824411
0,316916488222698
0,325481798715203
0,340471092077088
0,351177730192719
0,365096359743041
0,374197002141328
0,383832976445396
0,400428265524625
0,414346895074946
0,422912205567452
0,431477516059957
0,437366167023555
0,44593147751606
0,454496788008565
0,465738758029979
0,477516059957173
0,48661670235546
0,495717344753747
0,503747323340471
0,511241970021413
0,520877944325482
0,53051391862955
0,543361884368308
0,550856531049251
0,558351177730193
0,568522483940043
0,580299785867238
0,587259100642398
0,602248394004283
0,613490364025696
0,62152034261242
0,62847965738758
0,639186295503212
0,648822269807281
0,657922912205567
0,665952890792291
0,671841541755889
0,676124197002141
0,683083511777302
0,693254817987152
0,697002141327623
0,705567451820128
0,715203426124197
0,721092077087794
0,726980728051392
0,732334047109208
0,738222698072805
0,741970021413276
0,747858672376874
0,751070663811563
0,753747323340471
0,756423982869379
0,759635974304068
0,762312633832976
0,765524625267666
0,771948608137045
0,776231263383298
0,782655246252677
0,786402569593148
0,789079229122056
0,792291220556745
0,79389721627409
0,796038543897216
0,797109207708779
0,800856531049251
0,802997858672377
0,80406852248394
0,806209850107066
0,806745182012848
0,807815845824411
0,809957173447537
0,813704496788009
0,816916488222698
0,819057815845824
0,822269807280514
0,823340471092077
0,827087794432548
0,830299785867238
0,832441113490364
0,832976445396146
0,834047109207709
0,83779443254818
0,839400428265525
0,841541755888651
0,842077087794433
0,842612419700214
0,844218415417559
0,846895074946467
0,849571734475375
0,850642398286938
0,852248394004283
0,854389721627409
0,854925053533191
0,858672376873662
0,859743040685225
0,860813704496788
0,861884368308351
0,862955032119914
0,864561027837259
0,865096359743041
0,866702355460385
0,867773019271949
0,869379014989293
0,870985010706638
0,872055674518201
0,872055674518201
0,873126338329765
0,874197002141328
0,875802997858672
0,876873661670236
0,877944325481799
0,87847965738758
0,879550321199143
0,880085653104925
0,880085653104925
0,880620985010707
0,88169164882227
0,88169164882227
0,883297644539615
0,884368308351178
0,884903640256959
0,884903640256959
0,884903640256959
0,884903640256959
0,884903640256959
0,885974304068523
0,887044967880086
0,887044967880086
0,887044967880086
0,887044967880086
0,887580299785867
0,88865096359743
0,889186295503212
0,890256959314775
0,891327623126338
0,89186295503212
0,892933618843683
0,893468950749465
0,895074946466809
0,895074946466809
0,895610278372591
0,895610278372591
0,896145610278373
0,896680942184154
0,897216274089936
0,897216274089936
0,897216274089936
0,897751605995717
0,898822269807281
0,899357601713062
0,900428265524625
0,901498929336188
0,901498929336188
0,901498929336188
0,901498929336188
0,90203426124197
0,902569593147752
0,903104925053533
0,903640256959315
0,904175588865096
0,904175588865096
0,904710920770878
0,904710920770878
0,905246252676659
0,905781584582441
0,907387580299786
0,907922912205567
0,908993576017131
0,908993576017131
0,909528907922912
0,91220556745182
0,91220556745182
0,91220556745182
0,91220556745182
0,91220556745182
0,912740899357602
0,913276231263383
0,913276231263383
0,914882226980728
0,91541755888651
0,915952890792291
0,916488222698073
0,916488222698073
0,916488222698073
0,917558886509636
0,917558886509636
0,917558886509636
0,918094218415418
0,918094218415418
0,918629550321199
0,920235546038544
0,920770877944325
0,921306209850107
0,921306209850107
0,921841541755889
0,921841541755889
0,92237687366167
0,923982869379015
0,924518201284797
0,925053533190578
0,92558886509636
0,926124197002141
0,926659528907923
0,927730192719486
0,927730192719486
0,927730192719486
0,927730192719486
0,927730192719486
0,928265524625268
0,928265524625268
0,928265524625268
0,928265524625268
0,928800856531049
0,928800856531049
0,928800856531049
0,929871520342612
0,930406852248394
0,932012847965739
0,932012847965739
0,932012847965739
0,93254817987152
0,93254817987152
0,93254817987152
0,933618843683084
0,934154175588865
0,934689507494647
0,934689507494647
0,93576017130621
0,93576017130621
0,93576017130621
0,93576017130621
0,936295503211991
0,937366167023555
0,937366167023555
0,938436830835118
0,939507494646681
0,939507494646681
0,939507494646681
0,939507494646681
0,939507494646681
0,939507494646681
0,939507494646681
0,939507494646681
0,939507494646681
0,939507494646681
0,940578158458244
0,941648822269807
0,941648822269807
0,941648822269807
0,941648822269807
0,941648822269807
0,941648822269807
0,942184154175589
0,942184154175589
0,942184154175589
0,94271948608137
0,943254817987152
0,943254817987152
0,943254817987152
0,943254817987152
0,943254817987152
0,943790149892934
0,944325481798715
0,944325481798715
0,944325481798715
0,944860813704497
0,94593147751606
0,94593147751606
0,947002141327623
0,947002141327623
0,947002141327623
0,947002141327623
0,947537473233405
0,948608137044968
0,949143468950749
0,949678800856531
0,949678800856531
0,950214132762313
0,950214132762313
0,950214132762313
0,950214132762313
0,950214132762313
0,950214132762313
0,950214132762313
0,950749464668094
0,950749464668094
0,950749464668094
0,950749464668094
0,950749464668094
0,950749464668094
0,950749464668094
0,951820128479657
0,953426124197002
0,953961456102784
0,953961456102784
0,954496788008565
0,954496788008565
0,955032119914347
0,95610278372591
0,95610278372591
0,957173447537473
0,957173447537473
0,957708779443255
0,957708779443255
0,957708779443255
0,957708779443255
0,957708779443255
0,957708779443255
0,957708779443255
0,957708779443255
0,958244111349036
0,958244111349036
0,958244111349036
0,958244111349036
0,958779443254818
0,9593147751606
0,9593147751606
0,9593147751606
0,9593147751606
0,9593147751606
0,959850107066381
0,959850107066381
0,960385438972163
0,960385438972163
0,960385438972163
0,960920770877944
0,960920770877944
0,960920770877944
0,960920770877944
0,961456102783726
0,961991434689508
0,961991434689508
0,961991434689508
0,962526766595289
0,962526766595289
0,962526766595289
0,962526766595289
0,962526766595289
0,963062098501071
0,963062098501071
0,963062098501071
0,963062098501071
0,963062098501071
0,963062098501071
0,963062098501071
0,963062098501071
0,963062098501071
0,963062098501071
0,963062098501071
0,963062098501071
0,963597430406852
0,963597430406852
0,963597430406852
0,965203426124197
0,965738758029979
0,965738758029979
0,965738758029979
0,965738758029979
0,96627408993576
0,966809421841542
0,966809421841542
0,967344753747323
0,967344753747323
0,967344753747323
0,967344753747323
0,968415417558886
0,968415417558886
0,968415417558886
0,968415417558886
0,968415417558886
0,968415417558886
0,968415417558886
0,968415417558886
0,968415417558886
0,968415417558886
0,968415417558886
0,968415417558886
0,968950749464668
0,968950749464668
0,968950749464668
0,96948608137045
0,96948608137045
0,96948608137045
0,96948608137045
0,96948608137045
0,96948608137045
0,96948608137045
0,96948608137045
0,96948608137045
0,96948608137045
0,970021413276231
0,970021413276231
0,970021413276231
0,970021413276231
0,970021413276231
0,970021413276231
0,970556745182013
0,970556745182013
0,970556745182013
0,971092077087794
0,971627408993576
0,972698072805139
0,972698072805139
0,972698072805139
0,973768736616702
0,974304068522484
0,974304068522484
0,974304068522484
0,974304068522484
0,975374732334047
0,975374732334047
0,975910064239829
0,976980728051392
0,976980728051392
0,977516059957174
0,978586723768737
0,979122055674518
0,979122055674518
0,979122055674518
0,9796573875803
0,980192719486081
0,980192719486081
0,981263383297645
0,981263383297645
0,981263383297645
0,981263383297645
0,981263383297645
0,981263383297645
0,981263383297645
0,981263383297645
0,981263383297645
0,981263383297645
0,981263383297645
0,981263383297645
0,981263383297645
0,981798715203426
0,981798715203426
0,981798715203426
0,982334047109208
0,982334047109208
0,982334047109208
0,982869379014989
0,982869379014989
0,982869379014989
0,982869379014989
0,982869379014989
0,982869379014989
0,982869379014989
0,982869379014989
0,982869379014989
0,982869379014989
0,982869379014989
0,983404710920771
0,983404710920771
0,983404710920771
0,983404710920771
0,983404710920771
0,983404710920771
0,983940042826552
0,983940042826552
0,983940042826552
0,983940042826552
0,983940042826552
0,983940042826552
0,983940042826552
0,983940042826552
0,983940042826552
0,983940042826552
0,983940042826552
0,984475374732334
0,984475374732334
0,984475374732334
0,985010706638116
0,985010706638116
0,985010706638116
0,985010706638116
0,985010706638116
0,985010706638116
0,985010706638116
0,985010706638116
0,985546038543897
0,986081370449679
0,986081370449679
0,986081370449679
0,986081370449679
0,986081370449679
0,986081370449679
0,98661670235546
0,987152034261242
0,987152034261242
0,987687366167024
0,987687366167024
0,987687366167024
0,987687366167024
0,987687366167024
0,987687366167024
0,987687366167024
0,987687366167024
0,987687366167024
0,987687366167024
0,987687366167024
0,987687366167024
0,987687366167024
0,987687366167024
0,987687366167024
0,987687366167024
0,987687366167024
0,988222698072805
0,988222698072805
0,988222698072805
0,988222698072805
0,988222698072805
0,988222698072805
0,988222698072805
0,988222698072805
0,988222698072805
0,988222698072805
0,988222698072805
0,988222698072805
0,988758029978587
0,989293361884368
0,989293361884368
0,989293361884368
0,989293361884368
0,98982869379015
0,98982869379015
0,98982869379015
0,98982869379015
0,98982869379015
0,990364025695932
0,990364025695932
0,990364025695932
0,990364025695932
0,990364025695932
0,990364025695932
0,990364025695932
0,990364025695932
0,990364025695932
0,990899357601713
0,990899357601713
0,990899357601713
0,990899357601713
0,991434689507495
0,991434689507495
0,991434689507495
0,991970021413276
0,991970021413276
0,991970021413276
0,991970021413276
0,991970021413276
0,991970021413276
0,992505353319058
0,992505353319058
0,992505353319058
0,992505353319058
0,992505353319058
0,993040685224839
0,993040685224839
0,993040685224839
0,993040685224839
0,993040685224839
0,993040685224839
0,993040685224839
0,993576017130621
0,993576017130621
0,993576017130621
0,993576017130621
0,993576017130621
0,993576017130621
0,993576017130621
0,993576017130621
0,993576017130621
0,993576017130621
0,993576017130621
0,993576017130621
0,993576017130621
0,993576017130621
0,993576017130621
0,993576017130621
0,993576017130621
0,993576017130621
0,993576017130621
0,993576017130621
0,993576017130621
0,993576017130621
0,993576017130621
0,993576017130621
0,993576017130621
0,993576017130621
0,993576017130621
0,993576017130621
0,993576017130621
0,993576017130621
0,993576017130621
0,993576017130621
0,993576017130621
0,993576017130621
0,993576017130621
0,993576017130621
0,993576017130621
0,994111349036403
0,994111349036403
0,994111349036403
0,994111349036403
0,994111349036403
0,994111349036403
0,994111349036403
0,994111349036403
0,994111349036403
0,994111349036403
0,994111349036403
0,994111349036403
0,994111349036403
0,994111349036403
0,994111349036403
0,994111349036403
0,994111349036403
0,994111349036403
0,994111349036403
0,994111349036403
0,994111349036403
0,994111349036403
0,994111349036403
0,994111349036403
0,994111349036403
0,994111349036403
0,994111349036403
0,994111349036403
0,994111349036403
0,994111349036403
0,994111349036403
0,994111349036403
0,994111349036403
0,994111349036403
0,994111349036403
0,994111349036403
0,994111349036403
0,994111349036403
0,994111349036403
0,994111349036403
0,994111349036403
0,994111349036403
0,994111349036403
0,994111349036403
0,994111349036403
0,994111349036403
0,994111349036403
0,994111349036403
0,994111349036403
0,994111349036403
0,994111349036403
0,994111349036403
0,994111349036403
0,994111349036403
0,994111349036403
0,994111349036403
0,994111349036403
0,994111349036403
0,994111349036403
0,994111349036403
0,994111349036403
0,994111349036403
0,994111349036403
0,994111349036403
0,994111349036403
0,994111349036403
0,994111349036403
0,994111349036403
0,994111349036403
0,994111349036403
0,994111349036403
0,994111349036403
0,994111349036403
0,994111349036403
0,994111349036403
0,994111349036403
0,994111349036403
0,994111349036403
0,994111349036403
0,994111349036403
0,994646680942184
0,994646680942184
0,994646680942184
0,994646680942184
0,994646680942184
0,994646680942184
0,994646680942184
0,994646680942184
0,994646680942184
0,994646680942184
0,994646680942184
0,995182012847966
0,995182012847966
0,995182012847966
0,995182012847966
0,995182012847966
0,995182012847966
0,995182012847966
0,995182012847966
0,995182012847966
0,995182012847966
0,995182012847966
0,995182012847966
0,995182012847966
0,995182012847966
0,995182012847966
0,995182012847966
0,995182012847966
0,995182012847966
0,995182012847966
0,995182012847966
0,995182012847966
0,995182012847966
0,995182012847966
0,995182012847966
0,995182012847966
0,995182012847966
0,995182012847966
0,995182012847966
0,995182012847966
0,995182012847966
0,995182012847966
0,995182012847966
0,995182012847966
0,995182012847966
0,995182012847966
0,995182012847966
0,995182012847966
0,995182012847966
0,995182012847966
0,995182012847966
0,995182012847966
0,995182012847966
0,995182012847966
0,995182012847966
0,995182012847966
0,995182012847966
0,995182012847966
0,995182012847966
0,995182012847966
0,995182012847966
0,995182012847966
0,995182012847966
0,995182012847966
0,995182012847966
0,995182012847966
0,995182012847966
0,995182012847966
0,995182012847966
0,995182012847966
0,995182012847966
0,995182012847966
0,995717344753747
0,995717344753747
0,995717344753747
0,995717344753747
0,995717344753747
0,995717344753747
0,995717344753747
0,995717344753747
0,995717344753747
0,995717344753747
0,995717344753747
0,995717344753747
0,995717344753747
0,995717344753747
0,995717344753747
0,995717344753747
0,995717344753747
0,995717344753747
0,995717344753747
0,995717344753747
0,995717344753747
0,995717344753747
0,995717344753747
0,996252676659529
0,996252676659529
0,99678800856531
0,99678800856531
0,99678800856531
0,997323340471092
0,997323340471092
0,997323340471092
0,997323340471092
0,997323340471092
0,997323340471092
0,997323340471092
0,997323340471092
0,997323340471092
0,997323340471092
0,997323340471092
0,997323340471092
0,997323340471092
0,997323340471092
0,997323340471092
0,997323340471092
0,997323340471092
0,997323340471092
0,997323340471092
0,997323340471092
0,997323340471092
0,997323340471092
0,997323340471092
0,997323340471092
0,997323340471092
0,997323340471092
0,997323340471092
0,997323340471092
0,997323340471092
0,997323340471092
0,997323340471092
0,997323340471092
0,997323340471092
0,997323340471092
0,997323340471092
0,997323340471092
0,997323340471092
0,997323340471092
0,997323340471092
0,997323340471092
0,997323340471092
0,997323340471092
0,997323340471092
0,997323340471092
0,997323340471092
0,997323340471092
0,997323340471092
0,997323340471092
0,997323340471092
0,997323340471092
0,997323340471092
0,997323340471092
0,997323340471092
0,997323340471092
0,997323340471092
0,997323340471092
0,997323340471092
0,997323340471092
0,997323340471092
0,997323340471092
0,997323340471092
0,997323340471092
0,997323340471092
0,997323340471092
0,997323340471092
0,997323340471092
0,997323340471092
0,997323340471092
0,997323340471092
0,997323340471092
0,997323340471092
0,997323340471092
0,997323340471092
0,997323340471092
0,997323340471092
0,997323340471092
0,997323340471092
0,997323340471092
0,997323340471092
0,997323340471092
0,997323340471092
0,997323340471092
0,997323340471092
0,997323340471092
0,997323340471092
0,997323340471092
0,997323340471092
0,997323340471092
0,997323340471092
0,997323340471092
0,997323340471092
0,997323340471092
0,997858672376874
0,997858672376874
0,997858672376874
0,997858672376874
0,997858672376874
0,997858672376874
0,997858672376874
0,997858672376874
0,997858672376874
0,997858672376874
0,997858672376874
0,997858672376874
0,997858672376874
0,997858672376874
0,997858672376874
0,997858672376874
0,997858672376874
0,998394004282655
0,998394004282655
0,998394004282655
0,998394004282655
0,998394004282655
0,998394004282655
0,998394004282655
0,998394004282655
0,998394004282655
0,998394004282655
0,998394004282655
0,998394004282655
0,998394004282655
0,998394004282655
0,998929336188437
0,998929336188437
0,998929336188437
0,998929336188437
0,998929336188437
0,998929336188437
0,998929336188437
0,998929336188437
0,998929336188437
0,998929336188437
0,998929336188437
0,998929336188437
0,998929336188437
0,998929336188437
0,998929336188437
0,998929336188437
0,998929336188437
0,999464668094218
0,999464668094218
0,999464668094218
0,999464668094218
0,999464668094218
0,999464668094218
0,999464668094218
0,999464668094218
0,999464668094218
0,999464668094218
0,999464668094218
0,999464668094218
0,999464668094218
0,999464668094218
0,999464668094218
1
1
1
1
1
1
1
1
1
1
1
1
1
1
1
1
1
1
1
1
1
1
1
1
1
1
1
1
1
1
1
1
1
1
1
1
1
1
1
1
1
1
1
1
1
1
1
1
1
1
1
1
1
1
1
1
1
1
1
1
1
1
1
1
1
1
1
1
1
1
1
1
1
1
1
1
1
1
1
1
1
1
1
1
1
1
1
1
1
1
1
1
1
1
1
1
1
1
1
1
1
1
1
1
1
1
1
1
1
1
1
1
1
1
1
1
1
1
1
1
1
1
1
1
1
1
1
1
1
1
1
1
1
1
1
1
1
1
1
1
1
1
1
1
1
1
1
1
1
1
1
1
1
1
1
1
1
1
1
1
1
1
1
1
1
1
1
1
1
1
1
1
1
1
1
1
1
1
1
1
1
1
1
1
1
1
1
1
1
1
1
1
1
1
1
1
1
1
1
1
1
1
1
1
1
1
1
1
1
1
1
1
1
1
1
1
1
1
1
1
1
1
1
1
1
1
1
1
1
1
1
1
1
1
1
1
1
1
1
1
1
1
1
1
1
1
1
1
1
1
1
1
1
1
1
1
1
1
1
1
1
1
1
1
1
1
1
1
1
1
1
1
1
1
1
1
1
1
1
1
1
1
1
1
1
1
1
1
1
1
1
1
1
1
1
1
1
1
1
1
1
1
1
1
1
1
1
1
1
1
1
1
1
1
1
1
1
1
1
1
1
1
1
1
1
1
1
1
1
1
1
1
1
1
1
1
1
1
1
1
1
1
1
1
1
1
1
1
1
1
1
1
1
1
1
1
1
1
1
1
1
1
1
1
1
1
1
1
1
1
1
1
1
1
1
1
1
1
1
1
1
1
1
1
1
1
1
1
1
1
1
1
1
1
1
1
1
1
1
1
1
1
1
1
1
1
1
1
1
1
1
1
1
1
1
1
1
1
1
1
1
1
1
1
1
1
1
1
1
1
1
1
1
1
1
1
1
1
1
1
1
1
1
1
1
1
1
1
1
1
1
1
1
1
1
1
1
1
1
1
1
1
1
1
1
1
1
1
1
1
1
1
1
1
1
1
1
1
1
1
1
1
1
1
1
1
1
1
1
1
1
1
1
1
1
1
1
1
1
1
1
1
1
1
1
1
1
1
1
1
1
1
1
1
1
1
1
1
1
1
1
1
1
1
1
1
1
1
1
1
1
1
1
1
1
1
1
1
1
1
1
1
1
1
1
1
1
1
1
1
1
1
1
1
1
1
1
1
1
1
1
1
1
1
1
1
1
1
1
1
1
1
1
1
1
1
1
1
1
1
1
1
1
1
1
1
1
1
1
1
1
1
1
1
1
1
1
1
1
1
1
1
1
1
1
1
1
1
1
1
1
1
1
1
1
1
1
1
1
1
1
1
1
1
1
1
1
1
1
1
1
1
1
1
1
1
1
1
1
1
1
1
1
1
1
1
1
1
1
1
1
1
1
1
1
1
1
1
1
1
1
1
1
1
1
1
1
1
1
1
1
1
1
1
1
1
1
1
1
1
1
1
1
1
1
1
1
1
1
1
1
1
1
1
1
1
1
1
1
1
1
1
1
1
1
1
1
1
1
1
1
1
1
1
1
1
1
1
1
1
1
1
1
1
1
1
1
1
1
1
1
1
1
1
1
1
1
1
1
1
1
1
1
1
1
1
1
1
1
1
1
1
1
1
1
1
1
1
1
1
1
1
1
1
1
1
1
1
1
1
1
1
1
1
1
1
1
1
1
1
1
1
1
1
1
1
1
1
1
1
1
1
1
1
1
1
1
1
1
1
1
1
1
1
1
1
1
1
1
1
1
1
1
1
1
1
1
1
1
1
1
1
1
1
1
1
1
1
1
1
1
1
1
1
1
1
1
1
1
1
1
1
1
1
1
1
1
1
1
1
1
1
1
1
1
1
1
1
1
1
1
1
1
1
1
1
1
1
1
1
1
1
1
1
1
1
1
1
1
1
1
1
1
1
1
1
1
1
1
1
1
1
1
1
1
