Hidden layer neuron weights:
Neuron nr: 0
 -0,868697734026135
 -5,3462230476506
Neuron nr: 1
 0,933463004030335
 0,448296774636036
Neuron nr: 2
 -0,953174577713868
 -0,780512516965554
Neuron nr: 3
 -0,897562192677043
 -0,938604411469443
Neuron nr: 4
 -0,314687714742689
 -6,58527734075331
Neuron nr: 5
 -0,995407277172298
 -1,38147039928868
Neuron nr: 6
 -0,937659054495516
 -0,376176171197147
Neuron nr: 7
 -1,66601408915469
 2,96606183645742
Last layer neuron weights:
Neuron nr: 0
 0,438478007770264
 8,19617722005792
 -2,10993511105608
 -5,1416893403369
 0,864213086324856
 -1,54976059390868
 -3,54834055404922
 -2,86502272941178
Neuron nr: 1
 -2,54839050513154
 -0,748755306104927
 -0,443718580919034
 -1,04085025948638
 -3,039184558208
 -1,64872834631585
 0,801170644862036
 1,87929131163449